25
1
hatu
Aa12345
2
1
2
nmphuc
Aa12345
2
2
3
ntathao
Aa12345
2
3
4
19125089
19022001
0
19125089
5
19125090
28102001
0
19125090
6
19125091
28112001
0
19125091
7
19125092
08102001
0
19125092
8
19125093
18112001
0
19125093
9
19125094
19112001
0
19125094
9
19125095
20022001
0
19125095
10
19125096
28112001
0
19125096
12
19125031
19022001
0
19125031
13
19125032
28102001
0
19125032
14
19125044
18032001
0
19125044
15
19125077
18102001
0
19125077
16
19125088
08102001
0
19125088
17
19125030
02052001
0
19125030
18
19125029
05052001
0
19125029
19
19125010
19022001
0
19125010
20
19125025
28102001
0
19125025
21
19125024
28112001
0
19125024
22
19125023
08102001
0
19125023
23
19125012
18112001
0
19125012
24
19125011
02032001
0
19125011
25
19125009
03042001
0
19125009