3
19126001
20010401
Le Xuan Thuong
2001 04 01
19APCS1
0
1
-1
-1
-1
-1
2020 04 06 13 30 17 30 -1
2020 04 13 13 30 17 30 -1
2020 04 20 13 30 17 30 -1
2020 04 27 13 30 17 30 -1
2020 05 04 13 30 17 30 -1
2020 05 11 13 30 17 30 -1
2020 05 18 13 30 17 30 -1
2020 05 25 13 30 17 30 1
2020 06 01 13 30 17 30 -1
2020 06 08 13 30 17 30 1
1

19127001
20200401
Nguyen Van 1
2020 04 01
19APCS1
0
1
-1
-1
-1
-1
2020 04 06 13 30 17 30 -1
2020 04 13 13 30 17 30 -1
2020 04 20 13 30 17 30 -1
2020 04 27 13 30 17 30 -1
2020 05 04 13 30 17 30 -1
2020 05 11 13 30 17 30 -1
2020 05 18 13 30 17 30 -1
2020 05 25 13 30 17 30 -1
2020 06 01 13 30 17 30 -1
2020 06 08 13 30 17 30 -1
1

19127002
20200402
Nguyen Van 2
2020 04 02
19APCS1
0
1
-1
-1
-1
-1
2020 04 06 13 30 17 30 -1
2020 04 13 13 30 17 30 -1
2020 04 20 13 30 17 30 -1
2020 04 27 13 30 17 30 -1
2020 05 04 13 30 17 30 -1
2020 05 11 13 30 17 30 -1
2020 05 18 13 30 17 30 -1
2020 05 25 13 30 17 30 -1
2020 06 01 13 30 17 30 -1
2020 06 08 13 30 17 30 -1
1
