28
1
hatu
Aa12345
2
1
2
ntnthao
Aa12345
2
2
3
nmphuc
Aa12345
2
3
4
19125089
28102001
0
19125089
5
19125090
28102001
0
19125090
6
19125091
20112001
0
19125091
7
19125092
08102001
0
19125092
8
19125093
09102001
0
19125093
9
19125094
01092001
0
19125094
10
19125095
01082001
0
19125095
11
19125096
01042001
0
19125096
12
19125097
02042001
0
19125097
13
19125098
01052001
0
19125098
14
19125099
02052001
0
19125099
15
17125010
11091999
0
17125010
16
17125025
28101999
0
17125025
17
17125024
20111999
0
17125024
18
17125023
08101999
0
17125023
19
17125012
09101999
0
17125012
20
17125011
01091999
0
17125011
21
17125009
01081999
0
17125009
22
17125031
19021999
0
17125031
23
17125032
08101999
0
17125032
24
17125044
02111999
0
17125044
25
dbtien
Aa12345
1
1
26
nhanh
Aa12345
1
2
27
nhnha
Aa12345
1
3
28
nqhuy
Aa12345
1
4