19125089
1
12
6
2020
1
19125090
1
12
6
2020
1
19125091
1
12
6
2020
1
19125092
1
12
6
2020
1
19125093
1
12
6
2020
1
19125094
1
12
6
2020
0
19125095
1
12
6
2020
0
19125096
1
12
6
2020
0
19125097
1
12
6
2020
0
19125098
1
12
6
2020
0
19125099
1
12
6
2020
1
17125010
5
12
6
2020
0
17125025
5
12
6
2020
0
17125024
5
12
6
2020
0
17125023
5
12
6
2020
0
17125012
5
12
6
2020
0
17125011
5
12
6
2020
0
17125009
5
12
6
2020
0
17125031
5
12
6
2020
0
17125032
5
12
6
2020
1
17125044
5
12
6
2020
1
19125089
2
12
6
2020
1
19125090
2
12
6
2020
1
19125091
2
12
6
2020
1
19125092
2
12
6
2020
0
19125093
2
12
6
2020
0
19125094
2
12
6
2020
0
19125095
2
12
6
2020
0
19125096
2
12
6
2020
0
19125097
2
12
6
2020
0
19125098
2
12
6
2020
0
19125099
2
12
6
2020
0
19125089
1
13
6
2020
0
19125090
1
13
6
2020
0
19125091
1
13
6
2020
0
19125092
1
13
6
2020
1
19125093
1
13
6
2020
0
19125094
1
13
6
2020
0
19125095
1
13
6
2020
0
19125096
1
13
6
2020
0
19125097
1
13
6
2020
0
19125098
1
13
6
2020
0
19125099
1
13
6
2020
0
